3.659999999999999920e-01
3.920000000000000151e-01
4.299999999999999933e-01
5.020000000000000018e-01
5.300000000000000266e-01
5.280000000000000249e-01
6.540000000000000258e-01
6.199999999999999956e-01
6.740000000000000435e-01
7.339999999999999858e-01
7.359999999999999876e-01
7.720000000000000195e-01
7.580000000000000071e-01
7.940000000000000391e-01
8.459999999999999742e-01
8.239999999999999547e-01
8.339999999999999636e-01
8.619999999999999885e-01
8.419999999999999707e-01
8.840000000000000080e-01
8.920000000000000151e-01
9.060000000000000275e-01
9.140000000000000346e-01
9.379999999999999449e-01
9.439999999999999503e-01
9.539999999999999591e-01
9.459999999999999520e-01
9.699999999999999734e-01
9.539999999999999591e-01
9.439999999999999503e-01
9.719999999999999751e-01
9.559999999999999609e-01
9.619999999999999662e-01
9.599999999999999645e-01
9.439999999999999503e-01
9.679999999999999716e-01
9.599999999999999645e-01
9.699999999999999734e-01
9.719999999999999751e-01
9.619999999999999662e-01
9.559999999999999609e-01
9.619999999999999662e-01
9.759999999999999787e-01
9.759999999999999787e-01
9.719999999999999751e-01
9.659999999999999698e-01
9.739999999999999769e-01
9.599999999999999645e-01
9.599999999999999645e-01
9.619999999999999662e-01
9.679999999999999716e-01
9.759999999999999787e-01
9.679999999999999716e-01
9.679999999999999716e-01
9.559999999999999609e-01
9.819999999999999840e-01
9.839999999999999858e-01
9.559999999999999609e-01
9.739999999999999769e-01
9.699999999999999734e-01
9.679999999999999716e-01
9.739999999999999769e-01
9.759999999999999787e-01
9.819999999999999840e-01
9.819999999999999840e-01
9.859999999999999876e-01
9.699999999999999734e-01
9.819999999999999840e-01
9.879999999999999893e-01
9.899999999999999911e-01
9.719999999999999751e-01
9.779999999999999805e-01
9.919999999999999929e-01
9.939999999999999947e-01
9.839999999999999858e-01
9.939999999999999947e-01
9.719999999999999751e-01
9.959999999999999964e-01
9.919999999999999929e-01
9.859999999999999876e-01
9.899999999999999911e-01
9.899999999999999911e-01
9.959999999999999964e-01
9.939999999999999947e-01
9.839999999999999858e-01
9.859999999999999876e-01
9.879999999999999893e-01
9.819999999999999840e-01
9.879999999999999893e-01
9.779999999999999805e-01
9.919999999999999929e-01
9.879999999999999893e-01
9.939999999999999947e-01
9.919999999999999929e-01
9.919999999999999929e-01
9.919999999999999929e-01
9.939999999999999947e-01
9.979999999999999982e-01
9.959999999999999964e-01
9.979999999999999982e-01
9.939999999999999947e-01
9.939999999999999947e-01
