5.832132301293313503e-04
2.275227801874279976e-03
1.106479176087304950e-04
2.737655595410615206e-04
2.216458233306184411e-05
5.344271630747243762e-05
2.801764094328973442e-05
2.113628397637512535e-05
2.079856312775518745e-05
1.921773036883678287e-05
1.552915637148544192e-05
2.082753235299605876e-05
2.170026345993392169e-05
1.610457911738194525e-05
1.346409317193320021e-05
1.636445449548773468e-05
1.718115890980698168e-05
1.307892762270057574e-05
1.490867180109489709e-05
7.312774869205895811e-06
6.608962848986266181e-06
1.344883457932155579e-05
1.551389686937909573e-05
1.173353211925132200e-05
4.044890374643728137e-06
3.022789996975916438e-06
2.895116722356760874e-06
2.712130481086205691e-06
2.706766053961473517e-06
2.036333171417936683e-06
7.568597766294260509e-07
2.123236754414392635e-06
2.073883933917386457e-06
9.517669923297944479e-07
1.556038910166535061e-06
1.580476805429498199e-06
2.121806119248503819e-06
2.928376261479570530e-06
1.348495516140246764e-06
8.717775585864728782e-07
7.507800887651683297e-07
2.682089871086645871e-06
2.435803480693721212e-06
1.592278522366541438e-06
1.216292389472073410e-06
3.601431899369345047e-06
3.360509936101152562e-06
1.636385945857909974e-06
1.763820591804687865e-06
2.045154587904107757e-06
3.159046173095703125e-06
3.251314183216891252e-06
4.936218374496093020e-06
2.566933744674315676e-06
2.593875024103908800e-06
2.931714107035077177e-06
3.913879481842741370e-06
2.577424083938240074e-06
2.074241592708858661e-06
4.485606950765941292e-06
4.535555945039959624e-06
3.122806447208859026e-06
1.809716195566579700e-06
2.375364374529453926e-06
1.833677288232138380e-06
2.460718178554088809e-06
1.901626546896295622e-06
1.466393428017909173e-06
6.653666332567809150e-06
2.192497277064830996e-06
3.355860599185689352e-06
3.359436959726735950e-06
4.311919383326312527e-06
4.727244231617078185e-06
8.470177817798685282e-06
2.665042984517640434e-06
5.018472620577085763e-06
4.495740085985744372e-06
3.035426061614998616e-06
2.756357162070344202e-06
2.018451596086379141e-06
1.783609377525863238e-06
2.126574599969899282e-06
2.494573664080235176e-06
4.173874913249164820e-06
2.129077984136529267e-06
1.190066313938586973e-06
1.648426064093655441e-06
2.506732926121912897e-06
2.705693304960732348e-06
1.188874193758238107e-06
6.886839855724247172e-06
1.912117113533895463e-06
7.159471351769752800e-06
4.252553026162786409e-06
2.937793624369078316e-06
3.079295083807664923e-06
3.580212705855956301e-06
1.433730176358949393e-06
4.200696821499150246e-06
3.205299435649067163e-06
1.340627704848884605e-06
