2.492442607879638672e+00
2.156739234924316406e+00
1.782851338386535645e+00
1.417576670646667480e+00
1.063376188278198242e+00
7.037227153778076172e-01
3.456231057643890381e-01
6.915311515331268311e-02
7.584144175052642822e-02
3.596263006329536438e-02
1.649738848209381104e-02
1.267214957624673843e-02
5.691568367183208466e-03
5.602172575891017914e-03
5.811704322695732117e-03
4.837328568100929260e-03
3.918170463293790817e-03
4.429979715496301651e-03
2.883079927414655685e-03
3.841857425868511200e-03
4.401337821036577225e-03
3.947763238102197647e-03
3.583577228710055351e-03
5.164510104805231094e-03
4.424192942678928375e-03
1.913791522383689880e-03
6.383886211551725864e-04
3.935550630558282137e-04
4.077421326655894518e-04
3.305796417407691479e-04
4.883489455096423626e-04
3.857376286759972572e-04
3.361909475643187761e-04
3.909206134267151356e-04
5.467750015668570995e-04
4.919634666293859482e-04
4.736944974865764380e-04
5.393103347159922123e-04
3.136796585749834776e-04
4.294479731470346451e-04
3.224061510991305113e-04
3.065551572944968939e-04
4.965968546457588673e-04
4.093468014616519213e-04
4.756048438139259815e-04
3.898197028320282698e-04
6.400489364750683308e-04
4.591893521137535572e-04
6.372204516083002090e-04
6.286177667789161205e-04
5.518840043805539608e-04
4.786148492712527514e-04
3.127727541141211987e-04
5.549836205318570137e-04
7.968074642121791840e-04
4.628691531252115965e-04
4.487799888011068106e-04
4.607689625117927790e-04
4.702826263383030891e-04
6.177022005431354046e-04
3.139797190669924021e-04
4.499872447922825813e-04
4.526318516582250595e-04
5.163496825844049454e-04
3.347015299368649721e-04
4.174954374320805073e-04
4.796120920218527317e-04
5.688832607120275497e-04
6.021860754117369652e-04
8.641261374577879906e-04
3.772218478843569756e-04
4.498603520914912224e-04
6.769584142602980137e-04
5.160824512131512165e-04
3.691668971441686153e-04
4.436422605067491531e-04
6.884091999381780624e-04
5.419163499027490616e-04
5.036395159550011158e-04
4.109682631678879261e-04
4.833416314795613289e-04
4.186114238109439611e-04
6.042735185474157333e-04
5.281723570078611374e-04
4.398549208417534828e-04
3.433089295867830515e-04
6.421976722776889801e-04
4.373730334918946028e-04
5.081184790469706059e-04
4.695721436291933060e-04
6.761656841263175011e-04
3.884219040628522635e-04
3.850360226351767778e-04
5.525875603780150414e-04
4.157059884164482355e-04
5.225610802881419659e-04
5.809987778775393963e-04
4.525247786659747362e-04
6.811856874264776707e-04
8.157389238476753235e-04
5.504714208655059338e-04
6.579161854460835457e-04
