7.480225988700565098e-01
8.040685224839400069e-01
8.133764832793959343e-01
8.599766627771294747e-01
8.952164009111617249e-01
9.157175398633257135e-01
9.493670886075948889e-01
9.655568312284730226e-01
9.893238434163701411e-01
9.881337648327939149e-01
9.932735426008968416e-01
9.953703703703703498e-01
9.989373007438895335e-01
9.977037887485649126e-01
9.955506117908787811e-01
9.988789237668161958e-01
1.000000000000000000e+00
1.000000000000000000e+00
1.000000000000000000e+00
1.000000000000000000e+00
1.000000000000000000e+00
1.000000000000000000e+00
1.000000000000000000e+00
1.000000000000000000e+00
1.000000000000000000e+00
9.909604519774011244e-01
1.000000000000000000e+00
1.000000000000000000e+00
1.000000000000000000e+00
1.000000000000000000e+00
9.911012235817575622e-01
1.000000000000000000e+00
1.000000000000000000e+00
1.000000000000000000e+00
1.000000000000000000e+00
1.000000000000000000e+00
1.000000000000000000e+00
1.000000000000000000e+00
1.000000000000000000e+00
1.000000000000000000e+00
1.000000000000000000e+00
1.000000000000000000e+00
1.000000000000000000e+00
9.988038277511961383e-01
1.000000000000000000e+00
1.000000000000000000e+00
1.000000000000000000e+00
1.000000000000000000e+00
9.989754098360655865e-01
1.000000000000000000e+00
1.000000000000000000e+00
1.000000000000000000e+00
1.000000000000000000e+00
9.919759277833500866e-01
1.000000000000000000e+00
1.000000000000000000e+00
9.911699779249447673e-01
9.989373007438895335e-01
1.000000000000000000e+00
9.908883826879271162e-01
1.000000000000000000e+00
1.000000000000000000e+00
1.000000000000000000e+00
1.000000000000000000e+00
9.903640256959315158e-01
1.000000000000000000e+00
9.912376779846658881e-01
1.000000000000000000e+00
9.988425925925925597e-01
1.000000000000000000e+00
1.000000000000000000e+00
1.000000000000000000e+00
1.000000000000000000e+00
1.000000000000000000e+00
1.000000000000000000e+00
1.000000000000000000e+00
1.000000000000000000e+00
1.000000000000000000e+00
1.000000000000000000e+00
1.000000000000000000e+00
1.000000000000000000e+00
1.000000000000000000e+00
1.000000000000000000e+00
1.000000000000000000e+00
9.911012235817575622e-01
1.000000000000000000e+00
9.989293361884368228e-01
1.000000000000000000e+00
1.000000000000000000e+00
1.000000000000000000e+00
9.988235294117646657e-01
9.917440660474716729e-01
1.000000000000000000e+00
1.000000000000000000e+00
1.000000000000000000e+00
1.000000000000000000e+00
1.000000000000000000e+00
1.000000000000000000e+00
1.000000000000000000e+00
1.000000000000000000e+00
