Percept index:0 
 
[[-3.1456720e-02  1.1366683e-01  7.8539819e-01  7.8539819e-01
   7.8539819e-01  7.8539819e-01]
 [-5.5499334e-02  7.8068620e-01  1.5913114e-02  8.3887917e-01
   7.8539819e-01  7.8539819e-01]
 [-1.6795860e-01  3.5606354e-05  4.3470658e-02  1.5381674e+00
   7.8539819e-01  7.8539819e-01]]

Percept index:1 
 
[[ 0.05973969  0.15291436  0.7853982   0.7853982   0.7853982   0.7853982 ]
 [ 0.10835617  0.77554286 -0.02978394  0.76943195  0.7853982   0.7853982 ]
 [ 0.34622788  1.5703713  -0.08382387  1.5152743   0.7853982   0.7853982 ]]

Percept index:2 
 
[[4.1308455e-04 1.1851617e-01 7.8539819e-01 7.8539819e-01 7.8539819e-01
  7.8539819e-01]
 [4.1303763e-04 1.5660934e+00 4.1309328e-04 7.1726972e-01 7.8539819e-01
  7.8539819e-01]
 [4.1309433e-04 7.3997301e-01 4.1301895e-04 7.7830154e-01 7.8539819e-01
  7.8539819e-01]]

Percept index:3 
 
[[ 1.0244646e-01  7.8509200e-01  7.8539819e-01  7.8539819e-01
   7.8539819e-01  7.8539819e-01]
 [ 1.3734649e-01  2.5489168e-02  5.3868489e-03 -4.2759439e-05
   7.8539819e-01  7.8539819e-01]
 [ 4.4874340e-01 -2.7124432e-04 -1.1957502e-01  6.8466377e-01
   7.8539819e-01  7.8539819e-01]]

Percept index:4 
 
[[ 8.6691342e-02  7.8686154e-01  7.8539819e-01  7.8539819e-01
   7.8539819e-01  7.8539819e-01]
 [-1.2912400e-01  1.2924138e-02  4.8709002e-01 -1.7154969e-04
   7.8539819e-01  7.8539819e-01]
 [-2.6308677e-01  1.5706292e+00  2.1437433e-02  7.2782600e-01
   7.8539819e-01  7.8539819e-01]]

Percept index:5 
 
[[-1.4137311e-02  7.8523856e-01  7.8539819e-01  7.8539819e-01
   7.8539819e-01  7.8539819e-01]
 [ 5.0916350e-03  1.5413085e+00 -8.9262813e-02 -1.1000478e-04
   7.8539819e-01  7.8539819e-01]
 [ 5.0916127e-03  7.9198122e-01  5.0916183e-03  1.9642485e-02
   7.8539819e-01  7.8539819e-01]]

Percept index:6 
 
[[-6.2249782e-03  7.8573716e-01  7.8539819e-01  7.8539819e-01
   7.8539819e-01  7.8539819e-01]
 [ 3.8131885e-03  4.0375095e-02 -1.9584509e-02  1.5707510e+00
   7.8539819e-01  7.8539819e-01]
 [-1.0939846e-02  4.3326763e-06  7.7149319e-04  6.7593330e-01
   7.8539819e-01  7.8539819e-01]]

Percept index:7 
 
[[-0.06605605  0.78566134  0.7853982   0.7853982   0.7853982   0.7853982 ]
 [-0.12063704  0.015524    0.04339759  1.5707711   0.7853982   0.7853982 ]
 [-0.3589242   1.5706487   0.09313383  0.70107895  0.7853982   0.7853982 ]]

Percept index:8 
 
[[ 0.00676415  0.78438884  0.7853982   0.7853982   0.7853982   0.7853982 ]
 [-0.00211813  1.521396   -0.020638    1.5707065   0.7853982   0.7853982 ]
 [-0.00211802  0.823528   -0.00211813  0.0242758   0.7853982   0.7853982 ]]

