Percept index:0 
 
[ 0.25712904 -0.5385134   0.04347058  0.04347065  0.01591326  0.01591325]

Percept index:1 
 
[ 1.0171667  -0.5142324  -0.08382383 -0.08382387 -0.02978392 -0.02978394]

Percept index:2 
 
[0.0004131  0.00041303 0.00041304 0.00041308 0.00041312 0.00041315]

Percept index:3 
 
[-0.6880867   1.3909144  -0.11957505 -0.11957502 -0.10770802  0.04644821]

Percept index:4 
 
[-0.82563925  0.30661345  0.02143744  0.02143743 -0.57213295  1.3777686 ]

Percept index:5 
 
[ 0.00509163  0.00509162  0.00509161  0.00509163  0.1036742  -0.15322651]

Percept index:6 
 
[0.0131812  0.01308553 0.00077152 0.0007715  0.02582154 0.02627081]

Percept index:7 
 
[-1.1329678   0.5452503   0.0931338   0.09313374  0.02338045  0.02310985]

Percept index:8 
 
[-0.00211803 -0.00211807 -0.0021181  -0.00211803  0.09031647  0.01323798]

